198.783 252.7912 300.0208 208.8488 324.3316
241.7269 122.6304 142.8542 130.0525 58.1098
246.2672 5.229658 197.2456 309.2623 295.1168
303.1343 201.3752 191.6778 139.8889 10.0569
222.178 206.382 42.50452 149.393 272.3552
212.6148 271.8033 204.7013 148.2777 149.3472
84.68985 284.3226 122.2288 77.16573 165.0108
118.7465 169.9346 211.6905 206.9839 145.1705
117.4492 202.4599 147.9829 241.2644 142.8716
220.7089 258.2962 132.1765 333.9753 215.4352
155.7265 349.5951 327.9246 285.582 343.8156
158.7816 213.8658 263.1994 209.1227 294.3158
201.6441 47.78346 295.8255 269.9131 195.0937
